Logged in as ekrem#4807!
[
  [ -1, -1, -1, -1, -1, -1 ],
  [ -1, -1, -1, -1, -1, -1 ],
  [ -1, -1, -1, -1, -1, -1 ],
  [ -1, -1, -1, -1, -1, -1 ],
  [ -1, -1, -1, -1, -1, -1 ],
  [ -1, -1, -1, -1, -1, -1 ],
  [ -1, -1, -1, -1, -1, -1 ]
]
[
  [ -1, -1, -1, -1, -1, -1 ],
  [ -1, -1, -1, -1, -1, -1 ],
  [ -1, -1, -1, -1, -1, -1 ],
  [ -1, -1, -1, -1, -1, -1 ],
  [ -1, -1, -1, -1, -1, -1 ],
  [ -1, -1, -1, -1, -1, -1 ],
  [ -1, -1, -1, -1, -1, -1 ]
]
[
  [ -1, -1, -1, -1, -1, 1 ],
  [ -1, -1, -1, -1, -1, -1 ],
  [ -1, -1, -1, -1, -1, -1 ],
  [ -1, -1, -1, -1, -1, -1 ],
  [ -1, -1, -1, -1, -1, -1 ],
  [ -1, -1, -1, -1, -1, -1 ],
  [ -1, -1, -1, -1, -1, -1 ]
]
[
  [ -1, -1, -1, -1, -1, 1 ],
  [ -1, -1, -1, -1, -1, 0 ],
  [ -1, -1, -1, -1, -1, -1 ],
  [ -1, -1, -1, -1, -1, -1 ],
  [ -1, -1, -1, -1, -1, -1 ],
  [ -1, -1, -1, -1, -1, -1 ],
  [ -1, -1, -1, -1, -1, -1 ]
]
[
  [ -1, -1, -1, -1, 1, 1 ],
  [ -1, -1, -1, -1, -1, 0 ],
  [ -1, -1, -1, -1, -1, -1 ],
  [ -1, -1, -1, -1, -1, -1 ],
  [ -1, -1, -1, -1, -1, -1 ],
  [ -1, -1, -1, -1, -1, -1 ],
  [ -1, -1, -1, -1, -1, -1 ]
]
[
  [ -1, -1, -1, -1, 1, 1 ],
  [ -1, -1, -1, -1, 0, 0 ],
  [ -1, -1, -1, -1, -1, -1 ],
  [ -1, -1, -1, -1, -1, -1 ],
  [ -1, -1, -1, -1, -1, -1 ],
  [ -1, -1, -1, -1, -1, -1 ],
  [ -1, -1, -1, -1, -1, -1 ]
]
[
  [ -1, -1, -1, 1, 1, 1 ],
  [ -1, -1, -1, -1, 0, 0 ],
  [ -1, -1, -1, -1, -1, -1 ],
  [ -1, -1, -1, -1, -1, -1 ],
  [ -1, -1, -1, -1, -1, -1 ],
  [ -1, -1, -1, -1, -1, -1 ],
  [ -1, -1, -1, -1, -1, -1 ]
]
[
  [ -1, -1, -1, 1, 1, 1 ],
  [ -1, -1, -1, 0, 0, 0 ],
  [ -1, -1, -1, -1, -1, -1 ],
  [ -1, -1, -1, -1, -1, -1 ],
  [ -1, -1, -1, -1, -1, -1 ],
  [ -1, -1, -1, -1, -1, -1 ],
  [ -1, -1, -1, -1, -1, -1 ]
]
[
  [ -1, -1, -1, 1, 1, 1 ],
  [ -1, -1, -1, 0, 0, 0 ],
  [ -1, -1, -1, -1, -1, 1 ],
  [ -1, -1, -1, -1, -1, -1 ],
  [ -1, -1, -1, -1, -1, -1 ],
  [ -1, -1, -1, -1, -1, -1 ],
  [ -1, -1, -1, -1, -1, -1 ]
]
[
  [ -1, -1, -1, 1, 1, 1 ],
  [ -1, -1, -1, 0, 0, 0 ],
  [ -1, -1, -1, -1, -1, 1 ],
  [ -1, -1, -1, -1, -1, 0 ],
  [ -1, -1, -1, -1, -1, -1 ],
  [ -1, -1, -1, -1, -1, -1 ],
  [ -1, -1, -1, -1, -1, -1 ]
]
[
  [ -1, -1, -1, 1, 1, 1 ],
  [ -1, -1, -1, 0, 0, 0 ],
  [ -1, -1, -1, -1, 1, 1 ],
  [ -1, -1, -1, -1, -1, 0 ],
  [ -1, -1, -1, -1, -1, -1 ],
  [ -1, -1, -1, -1, -1, -1 ],
  [ -1, -1, -1, -1, -1, -1 ]
]
[
  [ -1, -1, -1, 1, 1, 1 ],
  [ -1, -1, -1, 0, 0, 0 ],
  [ -1, -1, -1, -1, 1, 1 ],
  [ -1, -1, -1, -1, 0, 0 ],
  [ -1, -1, -1, -1, -1, -1 ],
  [ -1, -1, -1, -1, -1, -1 ],
  [ -1, -1, -1, -1, -1, -1 ]
]
[
  [ -1, -1, -1, 1, 1, 1 ],
  [ -1, -1, -1, 0, 0, 0 ],
  [ -1, -1, -1, 1, 1, 1 ],
  [ -1, -1, -1, -1, 0, 0 ],
  [ -1, -1, -1, -1, -1, -1 ],
  [ -1, -1, -1, -1, -1, -1 ],
  [ -1, -1, -1, -1, -1, -1 ]
]
[
  [ -1, -1, -1, 1, 1, 1 ],
  [ -1, -1, -1, 0, 0, 0 ],
  [ -1, -1, -1, 1, 1, 1 ],
  [ -1, -1, -1, 0, 0, 0 ],
  [ -1, -1, -1, -1, -1, -1 ],
  [ -1, -1, -1, -1, -1, -1 ],
  [ -1, -1, -1, -1, -1, -1 ]
]
[
  [ -1, -1, -1, 1, 1, 1 ],
  [ -1, -1, -1, 0, 0, 0 ],
  [ -1, -1, -1, 1, 1, 1 ],
  [ -1, -1, -1, 0, 0, 0 ],
  [ -1, -1, -1, -1, -1, -1 ],
  [ -1, -1, -1, -1, -1, -1 ],
  [ -1, -1, -1, -1, -1, -1 ]
]
[
  [ -1, -1, -1, 1, 1, 1 ],
  [ -1, -1, 1, 0, 0, 0 ],
  [ -1, -1, -1, 1, 1, 1 ],
  [ -1, -1, -1, 0, 0, 0 ],
  [ -1, -1, -1, -1, -1, -1 ],
  [ -1, -1, -1, -1, -1, -1 ],
  [ -1, -1, -1, -1, -1, -1 ]
]
[
  [ -1, -1, 0, 1, 1, 1 ],
  [ -1, -1, 1, 0, 0, 0 ],
  [ -1, -1, -1, 1, 1, 1 ],
  [ -1, -1, -1, 0, 0, 0 ],
  [ -1, -1, -1, -1, -1, -1 ],
  [ -1, -1, -1, -1, -1, -1 ],
  [ -1, -1, -1, -1, -1, -1 ]
]
[
  [ -1, -1, 0, 1, 1, 1 ],
  [ -1, 1, 1, 0, 0, 0 ],
  [ -1, -1, -1, 1, 1, 1 ],
  [ -1, -1, -1, 0, 0, 0 ],
  [ -1, -1, -1, -1, -1, -1 ],
  [ -1, -1, -1, -1, -1, -1 ],
  [ -1, -1, -1, -1, -1, -1 ]
]
[
  [ -1, 0, 0, 1, 1, 1 ],
  [ -1, 1, 1, 0, 0, 0 ],
  [ -1, -1, -1, 1, 1, 1 ],
  [ -1, -1, -1, 0, 0, 0 ],
  [ -1, -1, -1, -1, -1, -1 ],
  [ -1, -1, -1, -1, -1, -1 ],
  [ -1, -1, -1, -1, -1, -1 ]
]
[
  [ -1, 0, 0, 1, 1, 1 ],
  [ -1, 1, 1, 0, 0, 0 ],
  [ -1, -1, -1, 1, 1, 1 ],
  [ -1, -1, 1, 0, 0, 0 ],
  [ -1, -1, -1, -1, -1, -1 ],
  [ -1, -1, -1, -1, -1, -1 ],
  [ -1, -1, -1, -1, -1, -1 ]
]
[
  [ -1, 0, 0, 1, 1, 1 ],
  [ -1, 1, 1, 0, 0, 0 ],
  [ -1, -1, 0, 1, 1, 1 ],
  [ -1, -1, 1, 0, 0, 0 ],
  [ -1, -1, -1, -1, -1, -1 ],
  [ -1, -1, -1, -1, -1, -1 ],
  [ -1, -1, -1, -1, -1, -1 ]
]
[
  [ -1, 0, 0, 1, 1, 1 ],
  [ -1, 1, 1, 0, 0, 0 ],
  [ -1, -1, 0, 1, 1, 1 ],
  [ -1, 1, 1, 0, 0, 0 ],
  [ -1, -1, -1, -1, -1, -1 ],
  [ -1, -1, -1, -1, -1, -1 ],
  [ -1, -1, -1, -1, -1, -1 ]
]
[
  [ -1, 0, 0, 1, 1, 1 ],
  [ -1, 1, 1, 0, 0, 0 ],
  [ -1, 0, 0, 1, 1, 1 ],
  [ -1, 1, 1, 0, 0, 0 ],
  [ -1, -1, -1, -1, -1, -1 ],
  [ -1, -1, -1, -1, -1, -1 ],
  [ -1, -1, -1, -1, -1, -1 ]
]
[
  [ -1, 0, 0, 1, 1, 1 ],
  [ -1, 1, 1, 0, 0, 0 ],
  [ -1, 0, 0, 1, 1, 1 ],
  [ -1, 1, 1, 0, 0, 0 ],
  [ -1, -1, -1, -1, -1, -1 ],
  [ -1, -1, -1, -1, -1, -1 ],
  [ -1, -1, -1, -1, -1, 1 ]
]
[
  [ 0, 0, 0, 1, 1, 1 ],
  [ -1, 1, 1, 0, 0, 0 ],
  [ -1, 0, 0, 1, 1, 1 ],
  [ -1, 1, 1, 0, 0, 0 ],
  [ -1, -1, -1, -1, -1, -1 ],
  [ -1, -1, -1, -1, -1, -1 ],
  [ -1, -1, -1, -1, -1, 1 ]
]
[
  [ 0, 0, 0, 1, 1, 1 ],
  [ -1, 1, 1, 0, 0, 0 ],
  [ -1, 0, 0, 1, 1, 1 ],
  [ -1, 1, 1, 0, 0, 0 ],
  [ -1, -1, -1, -1, -1, -1 ],
  [ -1, -1, -1, -1, -1, -1 ],
  [ -1, -1, -1, -1, 1, 1 ]
]
[
  [ 0, 0, 0, 1, 1, 1 ],
  [ 0, 1, 1, 0, 0, 0 ],
  [ -1, 0, 0, 1, 1, 1 ],
  [ -1, 1, 1, 0, 0, 0 ],
  [ -1, -1, -1, -1, -1, -1 ],
  [ -1, -1, -1, -1, -1, -1 ],
  [ -1, -1, -1, -1, 1, 1 ]
]
[
  [ 0, 0, 0, 1, 1, 1 ],
  [ 0, 1, 1, 0, 0, 0 ],
  [ -1, 0, 0, 1, 1, 1 ],
  [ -1, 1, 1, 0, 0, 0 ],
  [ -1, -1, -1, -1, -1, -1 ],
  [ -1, -1, -1, -1, -1, -1 ],
  [ -1, -1, -1, 1, 1, 1 ]
]
[
  [ 0, 0, 0, 1, 1, 1 ],
  [ 0, 1, 1, 0, 0, 0 ],
  [ 0, 0, 0, 1, 1, 1 ],
  [ -1, 1, 1, 0, 0, 0 ],
  [ -1, -1, -1, -1, -1, -1 ],
  [ -1, -1, -1, -1, -1, -1 ],
  [ -1, -1, -1, 1, 1, 1 ]
]
[
  [ 0, 0, 0, 1, 1, 1 ],
  [ 0, 1, 1, 0, 0, 0 ],
  [ 0, 0, 0, 1, 1, 1 ],
  [ -1, 1, 1, 0, 0, 0 ],
  [ -1, -1, -1, -1, -1, -1 ],
  [ -1, -1, -1, -1, -1, -1 ],
  [ -1, -1, 1, 1, 1, 1 ]
]
[
  [ -1, -1, -1, -1, -1, -1 ],
  [ -1, -1, -1, -1, -1, -1 ],
  [ -1, -1, -1, -1, -1, -1 ],
  [ -1, -1, -1, -1, -1, -1 ],
  [ -1, -1, -1, -1, -1, -1 ],
  [ -1, -1, -1, -1, -1, -1 ],
  [ -1, -1, -1, -1, -1, -1 ]
]
[
  [ -1, -1, -1, -1, -1, -1 ],
  [ -1, -1, -1, -1, -1, -1 ],
  [ -1, -1, -1, -1, -1, -1 ],
  [ -1, -1, -1, -1, -1, -1 ],
  [ -1, -1, -1, -1, -1, -1 ],
  [ -1, -1, -1, -1, -1, -1 ],
  [ -1, -1, -1, -1, -1, -1 ]
]
